3
PointLight 4
SpotLight 0
DirLight 1
PointLight
3.263 13.211 0.263
0.999995 1 0.99999
1 0.99999 0.99999
0.999991 1 0.99999
1
0.09
0.032
1 9.54 1
PointLight
4.587 4.762 1.587
1 1 0.776471
1 1 0.77451
1 1 0.776471
1
0.09
0.032
1 1 1
PointLight
-0.996 13.004 3.004
1 0 0
1 0 0
1 0 0
1
0.09
0.032
0 4.68 1
PointLight
-0.996 6.004 29.004
0.0294118 1 0
0.0294095 1 0
0.441177 1 0
1
0.09
0.032
1.53 0.84 1
DirLight
-0.2 -1 -0.3
0.05 0.05 0.05
0.4 0.4 0.4
0.5 0.5 0.5
0 0 0
Camera
3.76859 14.1877 4.73634
-0.062147 0.973975 -0.21797
-825.914
-13.1003
ParticleSystem
2 2 -9
0 0 0
0 0 0
1 0 0 1
1 0.612745 0.612745 1
30
4.75
5
60
