3
PointLight 4
SpotLight 0
DirLight 1
PointLight
3.263 13.211 0.263
0.999995 1 0.99999
1 0.99999 0.99999
0.999991 1 0.99999
1
0.09
0.032
PointLight
-0.413 4.762 1.587
1 1 0.776471
1 1 0.77451
1 1 0.776471
1
0.09
0.032
PointLight
-0.996 13.004 3.004
1 0 0
1 0 0
1 0 0
1
0.09
0.032
PointLight
-0.996 9.004 7.004
0.0294118 1 0
0.0294095 1 0
0.441177 1 0
1
0.09
0.032
DirLight
-0.2 -1 -0.3
0.05 0.05 0.05
0.4 0.4 0.4
0.5 0.5 0.5
Camera
-3.32115 -0.257286 3.44356
-0.454123 0.887815 0.0745374
710.679
27.4
