3
PointLight 4
SpotLight 0
DirLight 1
PointLight
3.263 13.211 0.263
0.999995 1 0.99999
1 0.99999 0.99999
0.999991 1 0.99999
1
0.09
0.032
1 0.08 1
PointLight
4.587 4.762 1.587
1 1 0.776471
1 1 0.77451
1 1 0.776471
1
0.09
0.032
1 1 1
PointLight
-0.996 13.004 3.004
1 0 0
1 0 0
1 0 0
1
0.09
0.032
0 4.68 1
PointLight
-0.996 6.004 29.004
0.0294118 1 0
0.0294095 1 0
0.441177 1 0
1
0.09
0.032
1.53 0.84 1
DirLight
-0.2 -1 -0.3
0.05 0.05 0.05
0.4 0.4 0.4
0.5 0.5 0.5
0 0 0
Camera
33.0464 36.3 10.1167
-0.308359 0.882127 -0.356043
31909.1
-28.1
ParticleSystem
2 2 -206
0 0 0
0 0 0
1 0 0 1
0.264697 0 1 1
145.263
50
50
16527.4
